10,7
10,138
10,306
10,166
10,152
10,100
10,124
10,82
11,15
11,16
25,3
25,2
25,1
25,0
20,3
20,2
20,1
12,3
12,2
12,1
11,30
11,29
11,28
11,27
11,26
11,25
11,24
11,23
19,2
19,1
11,22
11,21
11,20
11,18
19,3
11,17
11,12
11,11
11,9
11,8
11,7
11,6
11,5
11,4
11,3
11,2
11,1
10,287
10,282
10,279
10,252
10,246
10,244
10,210
10,206
10,198
18,1
10,189
18,3
10,151
14,1
10,126
10,119
14,3
13,1
10,99
13,3
10,98
10,95
10,20
10,17
10,11
10,5
10,3
10,2
10,1
9,7
9,6
9,5
9,4
9,3
9,2
9,1
8,18
8,17
8,16
8,15
2,2
2,1
8,14
8,13
8,11
8,10
8,9
